0 9 00001000
0 9 00011100
0 9 00011000
0 9 00001100

1 9 10001000
1 9 10011000
1 9 11001000
1 9 10001100
1 9 10001001
1 9 10011100
1 9 11001001

2 9 10000000

3 9 10101010

4 9 00101010

5 9 10101000

6 9 10111110


0 10 00100000

1 10 11101111

2 10 10001111
2 10 11001111
2 10 10011111

3 10 10111111

4 10 10001010

5 10 10100010

6 10 11101011


0 11 00100010
0 11 00100111
0 11 01110010
0 11 01100011
0 11 00110010
0 11 01100010
0 11 00100011
0 11 00100110
0 11 00110110

1 11 11100011
1 11 11100111
1 11 11110011

2 11 11111111

3 11 00111110
3 11 01111110
3 11 00111111

4 11 00101000

5 11 10100000

6 11 10101111


0 12 00000010

1 12 11111011

2 12 11111000
2 12 11111001
2 12 11111100

3 12 11111110

4 12 00001010

5 12 10000010

6 12 11111010